Decomposizione a valori singolari di A
    4.9934         0         0
         0    1.4559         0
         0         0    0.2053

Decomposizione a valori singolari di A'
    4.9934         0         0
         0    1.4559         0
         0         0    0.2053

Autovalori di AA'
   -0.0000
   -0.0000
   -0.0000
   -0.0000
   -0.0000
   -0.0000
   -0.0000
    0.0000
    0.0000
    0.0000
    0.0000
    0.0000
    0.0000
    0.0000
    0.0421
    2.1196
   24.9343

Autovalori di A'A
    0.0421
    2.1196
   24.9343

Immagine di A, da confrontare con U
   -0.1678    0.3702   -0.5068
   -0.1741    0.3457   -0.3312
   -0.1809    0.3181   -0.1781
   -0.1882    0.2873   -0.0475
   -0.1960    0.2534    0.0606
   -0.2042    0.2164    0.1462
   -0.2129    0.1762    0.2094
   -0.2221    0.1329    0.2500
   -0.2318    0.0865    0.2682
   -0.2420    0.0369    0.2638
   -0.2526   -0.0158    0.2370
   -0.2637   -0.0717    0.1877
   -0.2753   -0.1307    0.1158
   -0.2874   -0.1928    0.0215
   -0.2999   -0.2581   -0.0953
   -0.3130   -0.3265   -0.2346
   -0.3265   -0.3980   -0.3964

Immagine di A' da confrontare con U
   -0.8088    0.5700   -0.1447
   -0.4758   -0.4897    0.7306
   -0.3456   -0.6598   -0.6673

Ker di A, da confrontare con V'
Ker di A' da confrontare con V'
   -0.2442   -0.2209   -0.2018   -0.1869   -0.1760   -0.1694   -0.1668   -0.1685   -0.1742   -0.1842   -0.1982   -0.2165   -0.2388   -0.2654
   -0.2204   -0.1686   -0.1171   -0.0659   -0.0149    0.0358    0.0863    0.1365    0.1864    0.2361    0.2855    0.3346    0.3835    0.4322
    0.0259    0.1333    0.2171    0.2776    0.3146    0.3282    0.3184    0.2851    0.2285    0.1483    0.0448   -0.0822   -0.2326   -0.4065
    0.9186   -0.0802   -0.0774   -0.0730   -0.0670   -0.0595   -0.0504   -0.0396   -0.0274   -0.0135    0.0020    0.0190    0.0377    0.0579
   -0.0843    0.9062   -0.0996   -0.1016   -0.1001   -0.0948   -0.0858   -0.0732   -0.0569   -0.0369   -0.0132    0.0142    0.0452    0.0799
   -0.0849   -0.1029    0.8843   -0.1231   -0.1253   -0.1222   -0.1139   -0.1003   -0.0814   -0.0572   -0.0278    0.0069    0.0469    0.0921
   -0.0832   -0.1076   -0.1257    0.8625   -0.1428   -0.1419   -0.1346   -0.1209   -0.1009   -0.0745   -0.0418   -0.0027    0.0427    0.0945
   -0.0792   -0.1079   -0.1297   -0.1446    0.8474   -0.1537   -0.1478   -0.1350   -0.1153   -0.0887   -0.0551   -0.0146    0.0328    0.0871
   -0.0728   -0.1038   -0.1277   -0.1447   -0.1547    0.8423   -0.1537   -0.1427   -0.1247   -0.0998   -0.0679   -0.0290    0.0169    0.0698
   -0.0641   -0.0952   -0.1196   -0.1376   -0.1489   -0.1538    0.8479   -0.1439   -0.1291   -0.1078   -0.0800   -0.0456   -0.0047    0.0427
   -0.0532   -0.0821   -0.1055   -0.1233   -0.1355   -0.1421   -0.1432    0.8614   -0.1285   -0.1128   -0.0915   -0.0647   -0.0322    0.0058
   -0.0398   -0.0646   -0.0853   -0.1019   -0.1143   -0.1226   -0.1268   -0.1269    0.8771   -0.1147   -0.1024   -0.0860   -0.0655   -0.0409
   -0.0242   -0.0427   -0.0591   -0.0733   -0.0854   -0.0953   -0.1031   -0.1087   -0.1122    0.8865   -0.1127   -0.1098   -0.1047   -0.0975
   -0.0063   -0.0164   -0.0268   -0.0376   -0.0487   -0.0601   -0.0719   -0.0840   -0.0965   -0.1093    0.8776   -0.1359   -0.1497   -0.1638
    0.0140    0.0144    0.0115    0.0053   -0.0042   -0.0171   -0.0333   -0.0529   -0.0757   -0.1019   -0.1315    0.8357   -0.2005   -0.2400
    0.0366    0.0497    0.0559    0.0554    0.0479    0.0337    0.0126   -0.0153   -0.0500   -0.0915   -0.1399   -0.1951    0.7428   -0.3261
    0.0615    0.0894    0.1064    0.1125    0.1079    0.0924    0.0660    0.0288   -0.0192   -0.0781   -0.1478   -0.2283   -0.3197    0.5781